1	0	0.3571198971391835
2	0	0.3571198971391835
3	0	0.3571198971391835
4	0	0.3571198971391835
5	0	0.3571198971391835
6	0	0.42408657452051857
7	0	0.2380799314261224
8	0	0.14282652951891145
9	0	0.4336226293796206
10	0	0.3333333333333333
11	0	0.3214400514304082
12	0	0.3571198971391835
13	0	0.3571198971391835
14	0	0.3571198971391835
15	0	0.31747562412943314
16	0	0.3571198971391835
17	0	0.3571198971391835
18	0	0.3571198971391835
19	0	0.3571198971391835
20	0	0.3571198971391835
21	0	0.317368477445623
22	0	0.47615986285224465
23	0	0.3571198971391835
24	0	0.3571198971391835
25	0	0.3571198971391835
26	0	0.49994642665809486
27	0	0.45451623272259717
28	0	0.3571198971391835
29	0	0.3571198971391835
30	0	0.3571198971391835
31	0	0.3803707275259831
32	0	0.3571198971391835
33	0	0.4463730847530268
34	0	0.3571198971391835
35	0	0.3571198971391835
36	0	0.3571198971391835
37	0	0.3571198971391835
38	0	0.25972356155576987
39	0	0.47615986285224465
40	0	0.3571198971391835
41	0	0.3571198971391835
42	0	0.399978570663238
43	0	0.3571198971391835
44	0	0.11903996571306126
45	0	0.3571198971391835
46	0	0.510232508303868
47	0	0.3571198971391835
48	0	0.2499732133290475
49	0	1.0
50	0	0.3571198971391835
51	0	0.3571198971391835
52	0	0.4910532519018536
53	0	0.3571198971391835
54	0	0.3571198971391835
55	0	0.3571198971391835
56	0	0.4642665809493197
57	0	0.3571198971391835
58	0	0.3571198971391835
59	0	0.42408657452051857
60	0	0.2499732133290475
61	0	0.3571198971391835
62	0	0.3571198971391835
63	0	0.3571198971391835
64	0	0.26529518911389693
65	0	0.3571198971391835
66	0	0.42408657452051857
67	0	0.40694310511089676
68	0	0.49994642665809486
69	0	0.3571198971391835
70	0	0.4642665809493197
71	0	0.3571198971391835
72	0	0.4910532519018536
73	0	0.3571198971391835
74	0	0.3571198971391835
75	0	0.3571198971391835
76	0	0.42408657452051857
77	0	0.3571198971391835
78	0	0.3571198971391835
79	0	0.3571198971391835
80	0	0.2041144326583092
81	0	0.3571198971391835
82	0	0.47615986285224465
83	0	0.3571198971391835
84	0	0.3571198971391835
85	0	0.22318654237651345
86	0	0.3571198971391835
87	0	0.3571198971391835
88	0	0.31243972999035685
89	0	0.2806171648987464
90	0	0.3571198971391835
91	0	0.3571198971391835
92	0	0.47615986285224465
93	0	0.4201221472195435
94	0	0.3571198971391835
95	0	0.3571198971391835
96	0	0.3303332261866495
97	0	0.6493089038894245
98	0	0.3061180756455588
99	0	0.0
100	0	0.4106932390442516
101	0	0.3571198971391835
102	0	0.3571198971391835
103	0	0.43951569698917814
104	0	0.25972356155576987
105	0	0.4336226293796206
106	0	0.3571198971391835
107	0	0.2941176470588236
108	0	0.3571198971391835
109	0	0.3571198971391835
110	0	0.3571198971391835
111	0	0.3571198971391835
112	0	0.3571198971391835
113	0	0.3571198971391835
114	0	0.27472409728918895
115	0	0.27472409728918895
116	0	0.45451623272259717
117	0	0.3571198971391835
118	0	0.3571198971391835
119	0	0.3571198971391835
120	0	0.3571198971391835
121	0	0.5357334190506804
122	0	0.42858673524054425
123	0	0.3571198971391835
124	0	0.3571198971391835
125	0	0.42858673524054425
126	0	0.2639022822243652
127	0	0.3571198971391835
128	0	0.3571198971391835
129	0	0.3571198971391835
130	0	0.25972356155576987
131	0	0.2142933676202722
132	0	0.4201221472195435
133	0	0.297653487624558
134	0	0.3571198971391835
135	0	0.3571198971391835
136	0	0.3571198971391835
137	0	0.08925318761384338
138	0	0.3571198971391835
139	0	0.17850637522768675
140	0	0.2499732133290475
141	0	0.47615986285224465
142	0	0.4336226293796206
143	0	0.3571198971391835
144	0	0.3048323154398372
145	0	0.4642665809493197
146	0	0.4642665809493197
147	0	0.3571198971391835
148	0	0.22318654237651345
149	0	0.4201221472195435
150	0	0.3571198971391835
151	0	0.3571198971391835
152	0	0.40169291760420023
153	0	0.3571198971391835
154	0	0.49994642665809486
155	0	0.29026036644165865
156	0	0.4464802314368369
157	0	0.3571198971391835
158	0	0.4642665809493197
159	0	0.3571198971391835
160	0	0.3571198971391835
161	0	0.3571198971391835
162	0	0.2975463409407479
163	0	0.3571198971391835
164	0	0.3571198971391835
165	0	0.5357334190506804
166	0	0.3571198971391835
167	0	0.3571198971391835
168	0	0.3571198971391835
169	0	0.14282652951891145
170	0	0.2380799314261224
171	0	0.3571198971391835
172	0	0.3571198971391835
173	0	0.3571198971391835
174	0	0.3571198971391835
175	0	0.3571198971391835
176	0	0.3571198971391835
177	0	0.2806171648987464
178	0	0.3571198971391835
179	0	0.2499732133290475
180	0	0.3571198971391835
181	0	0.3571198971391835
182	0	0.3571198971391835
183	0	0.27472409728918895
184	0	0.3571198971391835
185	0	0.3571198971391835
186	0	0.3158684238722812
187	0	0.22318654237651345
188	0	0.3571198971391835
189	0	0.2380799314261224
190	0	0.3571198971391835
191	0	0.3571198971391835
192	0	0.3571198971391835
193	0	0.3571198971391835
194	0	0.32015429122468664
195	0	0.40276438444230145
196	0	0.3571198971391835
197	0	0.27472409728918895
198	0	0.3571198971391835
199	0	0.45451623272259717
200	0	0.3571198971391835
201	0	0.3571198971391835
202	0	0.3571198971391835
203	0	0.3316189863923711
204	0	0.3571198971391835
205	0	0.42858673524054425
206	0	0.2901532197578485
207	0	0.24429443908711032
208	0	0.3571198971391835
209	0	0.3571198971391835
210	0	0.3571198971391835
211	0	0.4166934533376193
212	0	0.3571198971391835
213	0	0.30354655523411544
214	0	0.2975463409407479
215	0	0.3571198971391835
216	0	0.25972356155576987
217	0	0.3105110896817744
218	0	0.3571198971391835
219	0	0.3571198971391835
220	0	0.4166934533376193
221	0	0.3571198971391835
222	0	0.25972356155576987
223	0	0.3571198971391835
224	0	0.25972356155576987
225	0	0.3886210221793636
226	0	0.4336226293796206
227	0	0.22318654237651345
228	0	0.2380799314261224
229	0	0.2380799314261224
230	0	0.3571198971391835
231	0	0.3571198971391835
232	0	0.4037287045965928
233	0	0.3571198971391835
234	0	0.2380799314261224
235	0	0.39054966248794587
236	0	0.0
237	0	0.42858673524054425
238	0	0.26786670952534014
239	0	0.3571198971391835
240	0	0.43951569698917814
241	0	0.3303332261866495
242	0	0.3571198971391835
243	0	0.3571198971391835
244	0	0.3571198971391835
245	0	0.08925318761384338
246	0	0.3571198971391835
247	0	0.3571198971391835
248	0	0.16232722597235621
249	0	0.3571198971391835
250	0	0.3571198971391835
251	0	0.4642665809493197
252	0	0.3571198971391835
253	0	0.3571198971391835
254	0	0.3571198971391835
255	0	0.26786670952534014
256	0	0.4910532519018536
257	0	0.3571198971391835
258	0	0.3571198971391835
259	0	0.3571198971391835
260	0	0.32958319939997865
261	0	0.4910532519018536
262	0	0.3571198971391835
263	0	0.3571198971391835
264	0	0.3571198971391835
265	0	0.3571198971391835
266	0	0.3571198971391835
267	0	0.2499732133290475
268	0	0.45451623272259717
269	0	0.3571198971391835
270	0	0.3571198971391835
271	0	0.2142933676202722
272	0	0.3571198971391835
273	0	0.3571198971391835
274	0	0.2380799314261224
275	0	0.3571198971391835
276	0	0.20400728597449908
277	0	0.3376192006857388
278	0	0.3571198971391835
279	0	0.3571198971391835
280	0	0.3571198971391835
281	0	0.3571198971391835
282	0	0.3281902925104468
283	0	0.3571198971391835
284	0	0.3571198971391835
285	0	0.2901532197578485
286	0	0.3571198971391835
287	0	0.6249866066645237
288	0	0.26786670952534014
289	0	0.3571198971391835
290	0	0.3571198971391835
291	0	0.2499732133290475
292	0	0.3571198971391835
293	0	0.3571198971391835
294	0	0.14282652951891145
295	0	0.47615986285224465
296	0	0.3571198971391835
297	0	0.2380799314261224
298	0	0.2499732133290475
299	0	0.25972356155576987
300	0	0.3571198971391835
301	0	0.3571198971391835
302	0	0.3571198971391835
303	0	0.3571198971391835
304	0	0.3571198971391835
305	0	0.3571198971391835
306	0	0.2856530590378228
307	0	0.5357334190506804
308	0	0.3571198971391835
309	0	0.6632379727847423
310	0	0.45923068681024315
311	0	0.3571198971391835
312	0	0.3571198971391835
313	0	0.2806171648987464
314	0	0.3348333869066752
315	0	0.42858673524054425
316	0	0.43951569698917814
317	0	0.3571198971391835
318	0	0.4642665809493197
319	0	0.3571198971391835
320	0	0.2380799314261224
321	0	0.2901532197578485
322	0	0.43951569698917814
323	0	0.3571198971391835
324	0	0.3571198971391835
325	0	0.14282652951891145
326	0	0.3571198971391835
327	0	0.3571198971391835
328	0	0.2380799314261224
329	0	0.5357334190506804
330	0	0.2856530590378228
331	0	0.47615986285224465
332	0	0.3571198971391835
333	0	0.3571198971391835
334	0	0.3571198971391835
335	0	0.5357334190506804
336	0	0.45451623272259717
337	0	0.3571198971391835
338	0	0.3571198971391835
339	0	0.3151183970856102
340	0	0.4106932390442516
341	0	0.17850637522768675
342	0	0.2856530590378228
343	0	0.4642665809493197
344	0	0.38958534233365477
345	0	0.3571198971391835
346	0	0.3571198971391835
347	0	0.3571198971391835
348	0	0.3571198971391835
349	0	0.42205078752812597
350	0	0.4463730847530268
351	0	0.399978570663238
352	0	0.3571198971391835
353	0	0.45676631308261006
354	0	0.4642665809493197
355	0	0.3571198971391835
356	0	0.3571198971391835
357	0	0.3571198971391835
358	0	0.2380799314261224
359	0	0.4642665809493197
360	0	0.3571198971391835
361	0	0.3571198971391835
362	0	0.3571198971391835
363	0	0.3571198971391835
364	0	0.3571198971391835
365	0	0.23111539697846348
366	0	0.3571198971391835
367	0	0.4642665809493197
368	0	0.47615986285224465
369	0	0.3571198971391835
370	0	0.3571198971391835
371	0	0.4365155898424944
372	0	0.3571198971391835
373	0	0.11903996571306126
374	0	0.43951569698917814
375	0	0.3571198971391835
376	0	0.49994642665809486
377	0	0.4166934533376193
378	0	0.3571198971391835
379	0	0.3571198971391835
380	0	0.2499732133290475
381	0	0.3571198971391835
382	0	0.3571198971391835
383	0	0.3571198971391835
384	0	0.3571198971391835
385	0	0.3571198971391835
386	0	0.26786670952534014
387	0	0.3571198971391835
388	0	0.2499732133290475
389	0	0.3571198971391835
390	0	0.3809064609450337
391	0	0.3571198971391835
392	0	0.33097610628951035
393	0	0.3571198971391835
394	0	0.2499732133290475
395	0	0.333869066752384
396	0	0.4336226293796206
397	0	0.3983713704060859
398	0	0.3571198971391835
399	0	0.3571198971391835
400	0	0.05100182149362486
401	0	0.3571198971391835
402	0	0.3571198971391835
403	0	0.3571198971391835
404	0	0.3571198971391835
405	0	0.3571198971391835
406	0	0.3571198971391835
407	0	0.3571198971391835
408	0	0.3571198971391835
409	0	0.3571198971391835
410	0	0.3571198971391835
411	0	0.2856530590378228
412	0	0.27472409728918895
413	0	0.3571198971391835
414	0	0.3571198971391835
415	0	0.3571198971391835
416	0	0.2856530590378228
417	0	0.23111539697846348
418	0	0.3571198971391835
419	0	0.333869066752384
420	0	0.3571198971391835
421	0	0.3571198971391835
422	0	0.3571198971391835
423	0	0.3571198971391835
424	0	0.510232508303868
425	0	0.3571198971391835
426	0	0.42858673524054425
427	0	0.3571198971391835
428	0	0.47615986285224465
429	0	0.2714025500910747
430	0	0.3571198971391835
431	0	0.4642665809493197
432	0	0.5714132647594556
433	0	0.3571198971391835
434	0	0.3571198971391835
435	0	0.27472409728918895
436	0	0.17850637522768675
437	0	0.14282652951891145
438	0	0.3571198971391835
439	0	0.3571198971391835
440	0	0.26786670952534014
441	0	0.14282652951891145
442	0	0.3571198971391835
443	0	0.3571198971391835
444	0	0.43951569698917814
445	0	0.4201221472195435
446	0	0.49994642665809486
447	0	0.3571198971391835
448	0	0.42858673524054425
449	0	0.6249866066645237
450	0	0.20400728597449908
451	0	0.22318654237651345
452	0	0.3327975999142826
453	0	0.4336226293796206
454	0	0.3571198971391835
455	0	0.3571198971391835
456	0	0.45451623272259717
457	0	0.3571198971391835
458	0	0.17850637522768675
459	0	0.38262080788599595
460	0	0.3571198971391835
461	0	0.3571198971391835
462	0	0.3571198971391835
463	0	0.43951569698917814
464	0	0.318868531018965
465	0	0.3571198971391835
466	0	0.40180006428801035
467	0	0.25972356155576987
468	0	0.42858673524054425
469	0	0.3571198971391835
470	0	0.3571198971391835
471	0	0.3571198971391835
472	0	0.08925318761384338
473	0	0.3571198971391835
474	0	0.27472409728918895
475	0	0.17850637522768675
476	0	0.3571198971391835
477	0	0.6249866066645237
478	0	0.3571198971391835
479	0	0.37940640737169173
480	0	0.3571198971391835
481	0	0.43951569698917814
482	0	0.2380799314261224
483	0	0.3571198971391835
484	0	0.3571198971391835
485	0	0.3571198971391835
486	0	0.3571198971391835
487	0	0.300760741455052
488	0	0.3571198971391835
489	0	0.3571198971391835
490	0	0.5580199292831887
491	0	0.25972356155576987
492	0	0.25972356155576987
493	0	0.3571198971391835
494	0	0.47615986285224465
495	0	0.25661630772527594
496	0	0.3571198971391835
497	0	0.3571198971391835
498	0	0.3571198971391835
499	0	0.3571198971391835
500	0	0.3571198971391835
501	0	0.3571198971391835
502	0	0.3571198971391835
503	0	0.39408550305368045
504	0	0.24429443908711032
505	0	0.4337297760634307
506	0	0.3571198971391835
507	0	0.3571198971391835
508	0	0.3369763205828779
509	0	0.3571198971391835
510	0	0.3571198971391835
511	0	0.3571198971391835
512	0	0.20400728597449908
513	0	0.3571198971391835
514	0	0.40180006428801035
515	0	0.27772420443587265
516	0	0.3571198971391835
517	0	0.2856530590378228
518	0	0.3571198971391835
519	0	0.3571198971391835
520	0	0.3571198971391835
521	0	0.11903996571306126
522	0	0.4106932390442516
523	0	0.17850637522768675
524	0	0.27472409728918895
525	0	0.4642665809493197
526	0	0.3571198971391835
527	0	0.2901532197578485
528	0	0.2499732133290475
529	0	0.14282652951891145
530	0	0.38326368798885674
531	0	0.3571198971391835
532	0	0.49683917282760104
533	0	0.42858673524054425
534	0	0.3571198971391835
535	0	0.17850637522768675
536	0	0.3571198971391835
537	0	0.08925318761384338
538	0	0.3571198971391835
539	0	0.27472409728918895
540	0	0.3571198971391835
541	0	0.3571198971391835
542	0	0.3571198971391835
543	0	0.510232508303868
544	0	0.3571198971391835
545	0	0.6632379727847423
546	0	0.3571198971391835
547	0	0.3571198971391835
548	0	0.3571198971391835
549	0	0.3967641701489338
550	0	0.3571198971391835
551	0	0.3571198971391835
552	0	0.3571198971391835
553	0	0.4910532519018536
554	0	0.3571198971391835
555	0	0.5714132647594556
556	0	0.26786670952534014
