1	0	0.36699493616030504
2	0	0.41857226913021317
3	0	0.5704463575605335
4	0	0.3684474992521632
5	0	0.5551959523251782
6	0	0.6272383519850987
7	0	0.5501138710794078
8	0	0.24393503504859768
9	0	0.3311876930940129
10	0	0.28859649993410574
11	0	0.41445920184851703
12	0	0.4845902679635036
13	0	0.42136490149611133
14	0	0.18968485846725638
15	0	0.6957484274269804
16	0	0.6681412736366963
17	0	0.06063735901316803
18	0	0.688710745850653
19	0	0.6308462093293924
20	0	0.41080823148723244
21	0	0.413128870949547
22	0	0.5616475968455691
23	0	0.5576162375754676
24	0	0.3666284198802133
25	0	0.37235102123418656
26	0	0.634758441400448
27	0	0.29491169667587064
28	0	0.5281370594300646
29	0	0.3914638674832917
30	0	0.684029302590346
31	0	0.4131859457902997
32	0	0.18201966157100163
33	0	0.4936460288525651
34	0	0.337797573382693
35	0	0.3042377109384864
36	0	0.3489603686906853
37	0	0.3420345011592974
38	0	0.4716962518045482
39	0	0.5065379888590086
40	0	0.6931394354452188
41	0	0.4429245692790881
42	0	0.2520024463736279
43	0	0.20816594679273512
44	0	0.43761892261907903
45	0	0.5332900012761351
46	0	0.4145095261463249
47	0	0.44674872099685636
48	0	0.20441725505033026
49	0	0.429063582976725
50	0	0.613000462651583
51	0	0.28820093163244187
52	0	0.43083321565621496
53	0	0.6503137291081655
54	0	0.23094811837828075
55	0	0.5428989039461223
56	0	0.5508777392954978
57	0	0.7348065697568235
58	0	0.4276524321972885
59	0	0.33064119774987855
60	0	0.39150043983836047
61	0	0.5343783821664059
62	0	0.5919372715816411
63	0	0.3158852218194639
64	0	0.6124008679278564
65	0	0.18182770682924224
66	0	0.48484085938999116
67	0	0.2810711046841022
68	0	0.3595512271871549
69	0	0.4424239434069152
70	0	0.5227766732423303
71	0	0.38821882542563196
72	0	0.25021639461852047
73	0	0.6819565159962377
74	0	0.3417723592019086
75	0	0.2683658126430135
76	0	0.5196349860940578
77	0	0.5586005162343148
78	0	0.45905101119038955
79	0	0.6167093934195725
80	0	0.6156592389652557
81	0	0.5220358636815491
82	0	0.3443567201315539
83	0	0.4541653885370508
84	0	0.14211296728408354
85	0	0.4798066754789443
86	0	0.6652527484869591
87	0	0.3450722845964037
88	0	0.3838644997408456
89	0	0.3159278016129012
90	0	0.3068377657348141
91	0	0.49374765925967273
92	0	0.03499923543797037
93	0	0.6241192137308541
94	0	0.41859687315066463
95	0	0.3109766771537963
96	0	0.5729581167448745
97	0	0.32404691172382605
98	0	0.4811358187265217
99	0	0.40931205541073445
100	0	0.7073505084530824
101	0	0.42434360036625957
102	0	0.5094164503038594
103	0	0.3185202619296457
104	0	0.5019239080977128
105	0	0.6529430795360058
106	0	0.44590953553894336
107	0	0.39993648912112373
108	0	0.2655437442644207
109	0	0.44216504502806053
110	0	0.2653590246493678
111	0	0.8201194320025023
112	0	0.5855536536144416
113	0	0.3624910922750323
114	0	0.5788920573113375
115	0	0.8381563577445994
116	0	0.4294375499913907
117	0	0.5192991650868335
118	0	0.5413785059025893
119	0	0.36348734176018405
120	0	0.3209502394546461
121	0	0.46632108589386456
122	0	0.24987371084798143
123	0	0.3628263935023095
124	0	0.7076950661110044
125	0	0.2659419703953894
126	0	0.3355448710709734
127	0	0.27697270333259166
128	0	0.15894659999551544
129	0	0.4346741720318373
130	0	0.7079831069064539
131	0	0.46016832596969937
132	0	0.18580321009422165
133	0	0.2437316991780498
134	0	0.6458790696474679
135	0	0.5706094665426422
136	0	0.12395164776433874
137	0	0.2986316545190522
138	0	0.4367041759315404
139	0	0.33594425476923584
140	0	0.41630319134159205
141	0	0.5557528591002422
142	0	0.3090664466412144
143	0	0.48270861241142815
144	0	0.5281352596839817
145	0	0.3498223686277069
146	0	0.40388265766937226
147	0	0.3254564921999454
148	0	0.49932356155261587
149	0	0.3264221990269968
150	0	0.20437994182249203
151	0	0.5498088457562806
152	0	0.45628813790339123
153	0	0.5878291788037117
154	0	0.22715415868316804
155	0	0.12417147591000217
156	0	0.33913492455085126
157	0	0.7441440979529781
158	0	0.3703733607143027
159	0	0.2665795856175675
160	0	0.2958243211558254
161	0	0.5496151121479643
162	0	0.2802318535520394
163	0	0.4679024784569755
164	0	0.40345062333829923
165	0	0.38657550088264026
166	0	0.6319111688479272
167	0	0.5526814734942819
168	0	0.5641407053888173
169	0	0.4896867084652875
170	0	0.4536504429727823
171	0	0.18558714856901148
172	0	0.48186238290256117
173	0	0.2622266179595463
174	0	0.4950524638773405
175	0	0.6029554187252233
176	0	0.7038033956407974
177	0	0.6869301031964604
178	0	0.42983310384842266
179	0	0.41905513229065844
180	0	0.4164535034884963
181	0	0.4223675703182438
182	0	0.4879630746017357
183	0	0.43249088287395915
184	0	0.7943732943404641
185	0	0.5289102829614489
186	0	0.620094090780695
187	0	0.5877778602610074
188	0	0.6511366705577165
189	0	0.2851117380361358
190	0	0.5450769693509908
191	0	0.7813542430092159
192	0	0.30114479095949565
193	0	0.5213831806799144
194	0	0.4374474293848265
195	0	0.2298529330942735
196	0	0.4521129112900077
197	0	0.47567273873728666
198	0	0.48387487224504516
199	0	0.3456454247005575
200	0	0.3860009983523591
201	0	0.19766060413166997
202	0	0.5001864143642116
203	0	0.2823163117237137
204	0	0.6531755593354882
205	0	0.18405169114214442
206	0	0.32838288351499895
207	0	0.4719721537214367
208	0	0.5627866011586458
209	0	0.40528716236670065
210	0	0.3151253857874511
211	0	0.29589263685657174
212	0	0.5702786039408898
213	0	0.4941899883473457
214	0	0.4435366132597486
215	0	0.4041336338449229
216	0	0.393806953730652
217	0	0.4479786016679002
218	0	0.5724780337823748
219	0	0.399031259912161
220	0	0.5397422984172628
221	0	0.5312899600988296
222	0	0.5520930347649259
223	0	0.13317618892944275
224	0	0.38520208488330254
225	0	0.27891526587407
226	0	0.6251485930874097
227	0	0.2570992547325957
228	0	0.4292527291722255
229	0	0.19788189751539842
230	0	0.5714043229279435
231	0	0.8750732345959314
232	0	0.4792738667671618
233	0	0.4291107911243667
234	0	0.5246167984243185
235	0	0.5310414006418701
236	0	0.23435369933771652
237	0	0.49357255908729875
238	0	0.3416425465972966
239	0	0.40497636916360613
240	0	0.5456430972505047
241	0	0.7318654966132004
242	0	0.6158912296858104
243	0	0.792969901289109
244	0	0.5536414188723535
245	0	0.3597145306586992
246	0	0.504554659340516
247	0	0.3980487820725938
248	0	0.6501742759827287
249	0	0.6786715988159359
250	0	0.5233350858326584
251	0	0.305041993635778
252	0	0.46048775821731713
253	0	0.4372496434598787
254	0	0.6253277319626759
255	0	0.5514445126929238
256	0	0.29037279520050074
257	0	0.6154733728379863
258	0	0.4625994329101686
259	0	0.3919162077798618
260	0	0.2172225458923788
261	0	0.5549568482115307
262	0	0.46468483132041655
263	0	0.5879282063443281
264	0	0.47005932080612667
265	0	0.22150047438486845
266	0	0.6754072932612851
267	0	0.2988136898113544
268	0	0.45901132353667534
269	0	0.6261676090262128
270	0	0.6885296233645138
271	0	0.34039991482049015
272	0	0.537594779378829
273	0	0.525116946724035
274	0	0.5774599992488024
275	0	0.4701495561437887
276	0	0.22803093442693367
277	0	0.5287109142073396
278	0	1.0
279	0	0.3422559596394882
280	0	0.46015818615092857
281	0	0.22250088771339585
282	0	0.7439307444167087
283	0	0.4665086624652462
284	0	0.6994343079532614
285	0	0.22567493220704418
286	0	0.34499925340083476
287	0	0.18858095694593072
288	0	0.6720257195305503
289	0	0.4661095968049151
290	0	0.357679217831938
291	0	0.334428394452307
292	0	0.5419309100178438
293	0	0.5277710863013328
294	0	0.40437500465443044
295	0	0.6204938557381805
296	0	0.5447811193076849
297	0	0.398467265780781
298	0	0.3134665641140059
299	0	0.6161037576231014
300	0	0.395899142203101
301	0	0.2948555683258602
302	0	0.6272509987783114
303	0	0.55000561218888
304	0	0.41104667710281734
305	0	0.36768184025472206
306	0	0.5036484929733321
307	0	0.15136934183096662
308	0	0.6050207491119363
309	0	0.45608863958773405
310	0	0.687998994268089
311	0	0.33712367030545143
312	0	0.5323122075111402
313	0	0.36713813467496104
314	0	0.43266914022843456
315	0	0.29633107755737903
316	0	0.23594454121253783
317	0	0.23356045419908675
318	0	0.5726008093363834
319	0	0.25167673780762045
320	0	0.45799870920786595
321	0	0.35694447831320414
322	0	0.5697444338585187
323	0	0.22188451206535303
324	0	0.3822368981858749
325	0	0.5778888904569769
326	0	0.42620832940438647
327	0	0.6549252122664053
328	0	0.5563122945549053
329	0	0.4414814367253449
330	0	0.36135468660120035
331	0	0.36416415684004183
332	0	0.5950195060261226
333	0	0.5555463557679089
334	0	0.2993315423118252
335	0	0.5328944333214868
336	0	0.5248375596635471
337	0	0.33192034769133255
338	0	0.5938955360423593
339	0	0.5087377133630104
340	0	0.4565243995413788
341	0	0.3275327905155512
342	0	0.7005293292929525
343	0	0.49956258092646805
344	0	0.3401492062210418
345	0	0.10425516481852168
346	0	0.5889961872791085
347	0	0.35985386104233946
348	0	0.535429164156117
349	0	0.6612631331016133
350	0	0.0
351	0	0.750278574455627
352	0	0.3121887908791875
353	0	0.6591062428424762
354	0	0.5201221153024115
355	0	0.38231213224451316
356	0	0.3635475162417444
357	0	0.4861269542940333
358	0	0.5652760794167035
359	0	0.4611601926104158
360	0	0.3732397505996482
361	0	0.6972409075860241
362	0	0.46648266662599813
363	0	0.7746257139618148
364	0	0.407788834291191
365	0	0.14401067627011532
366	0	0.13452380602446531
367	0	0.6259420545952485
368	0	0.4949667983647327
369	0	0.4510229730333721
370	0	0.3762542256273081
371	0	0.6578313783850065
372	0	0.7472628026352021
373	0	0.3451764082736306
374	0	0.3273042198712215
375	0	0.5702271291155698
376	0	0.4037039034438081
377	0	0.6936791246562074
378	0	0.5732399814291991
379	0	0.5789562654114034
380	0	0.3181151345644358
381	0	0.23256225418094595
382	0	0.3354724281760125
383	0	0.6163440599422869
384	0	0.7550308616374352
385	0	0.4550991846915821
386	0	0.5028515458715381
387	0	0.5407848652858266
388	0	0.43314682331187565
389	0	0.545426643761675
390	0	0.3915451267362345
391	0	0.6974864229772775
392	0	0.4630989917255089
393	0	0.32276484112384596
394	0	0.6793483297011643
395	0	0.24830707542587474
396	0	0.5240225622655524
397	0	0.4612676544847435
398	0	0.18477750807952503
399	0	0.4138010956112566
400	0	0.2884887660785079
401	0	0.2240552046071572
402	0	0.32665877366213275
403	0	0.42665520232417353
404	0	0.7264680154236273
405	0	0.31454957865002175
406	0	0.4730998391527909
407	0	0.38286678348507325
408	0	0.5584075119583977
409	0	0.4042591496064968
410	0	0.9642610712962386
411	0	0.4028188669599769
412	0	0.379721935691469
413	0	0.5361636008484544
414	0	0.4731488206839171
415	0	0.3326903104016457
416	0	0.38914987158610803
417	0	0.44978445724057875
418	0	0.335567038699631
419	0	0.44783830882875975
420	0	0.3414819977563088
421	0	0.772468994443367
422	0	0.42479360105734326
423	0	0.6170811607749787
424	0	0.27947109036651097
425	0	0.3901068857912705
426	0	0.32767004302821107
427	0	0.32799186111877543
428	0	0.7024913833316445
429	0	0.6033432602091907
430	0	0.39374242654389724
431	0	0.516734239618303
432	0	0.3617818464599327
433	0	0.22195242029164858
434	0	0.3724500521317047
435	0	0.5464986092410914
436	0	0.4376891366576315
437	0	0.38465325870410555
438	0	0.278922421736696
439	0	0.39362319809745877
440	0	0.4747854145472704
441	0	0.517135398205051
442	0	0.5364804153319493
443	0	0.39077552664758836
444	0	0.6735104078125121
445	0	0.5337532230939268
446	0	0.21040743871560705
447	0	0.5419052782978447
448	0	0.48587623974825483
449	0	0.3737763110108685
450	0	0.5931451321043258
451	0	0.4529655188325261
452	0	0.3608905253128951
453	0	0.3295113197685972
454	0	0.5110039972498662
455	0	0.53136374801455
456	0	0.2278993791113352
457	0	0.6501402187127016
458	0	0.612545986720692
459	0	0.2557163979710249
460	0	0.3159377447321376
461	0	0.5461930772504288
462	0	0.6891557717681868
463	0	0.433308260442716
464	0	0.5662793591038436
465	0	0.11090925353657323
466	0	0.5963871439108749
467	0	0.5288753529341301
468	0	0.5625357668311315
469	0	0.6263019469506259
470	0	0.4537336405456346
471	0	0.5211139015039429
472	0	0.4667454261310195
473	0	0.4674410276443858
474	0	0.45478901003061806
475	0	0.6083996209316569
476	0	0.5685829582227746
477	0	0.4998181051453218
478	0	0.4662956661734448
479	0	0.4008765424322358
480	0	0.5615919514610845
481	0	0.5664384074747503
482	0	0.7334984417998691
483	0	0.26508077230019284
484	0	0.6733046405780064
485	0	0.27170776479374603
486	0	0.30748170728601026
487	0	0.4478402753955177
488	0	0.1678352651876959
489	0	0.43550083191189015
490	0	0.4123664951935756
491	0	0.613132847465988
492	0	0.35012237374141986
493	0	0.33078633122790324
494	0	0.5276166616620552
495	0	0.3209878897714143
496	0	0.5531529725678123
497	0	0.7098971424631043
498	0	0.3591821773877882
499	0	0.3406193237417421
500	0	0.4002500165512549
501	0	0.327400048018887
502	0	0.4772079817171304
503	0	0.48895390125141674
504	0	0.061045064852021255
505	0	0.35665307623242815
506	0	0.4824012609939108
507	0	0.3389816336098515
508	0	0.46391585681622144
509	0	0.41795071395314487
510	0	0.31103021437743994
511	0	0.5344370280945643
512	0	0.49126749513568296
513	0	0.4845443294051928
514	0	0.6535990250076528
515	0	0.38929188143984994
516	0	0.6152528498599907
517	0	0.6317938926839419
518	0	0.4340241239082846
519	0	0.707609788471681
520	0	0.20925721921128224
521	0	0.3003368969038503
522	0	0.5021083952011972
523	0	0.6507854240227131
524	0	0.3818545349487819
525	0	0.13248126029194982
526	0	0.3264119428872375
527	0	0.48801573274082866
528	0	0.4448970784416664
529	0	0.08473594225041411
530	0	0.2754950296294331
531	0	0.7844171011384536
532	0	0.44761274148955515
533	0	0.5788081384400781
534	0	0.5265848896352845
535	0	0.39234396353963513
536	0	0.6560122033221664
537	0	0.6978493071141061
538	0	0.3803042319479041
539	0	0.3912127310981549
540	0	0.4960424175285713
541	0	0.6045588088693716
542	0	0.40176587973179767
543	0	0.31818367225452276
544	0	0.4505553154275618
545	0	0.29751518057944654
546	0	0.2895956912646837
547	0	0.6180640102309417
548	0	0.2659119868473377
549	0	0.46287072197486956
550	0	0.3100074940201932
551	0	0.5978452710037369
552	0	0.7914463430730908
553	0	0.5742324071069985
554	0	0.46425235016004585
555	0	0.4616433441931834
556	0	0.48900108195598546
