1	0	0.738807443222012
2	0	0.6700297557689073
3	0	0.7041554104960012
4	0	0.6870765783960007
5	0	0.639448853782269
6	0	0.728666367990622
7	0	0.6963854073318053
8	0	0.8318246004180437
9	0	0.6121957514419378
10	0	0.7207647703266971
11	0	0.7685489856968635
12	0	0.6166853764011702
13	0	0.6559230625051349
14	0	0.734163698578412
15	0	0.6575116807901551
16	0	0.662014346645757
17	0	0.7394203653513817
18	0	0.6708098384790142
19	0	0.40685261167067754
20	0	0.6323617193734253
21	0	0.5727138449150523
22	0	0.6645241264288821
23	0	0.6460226510885652
24	0	0.7204363768453906
25	0	0.7682454884722626
26	0	0.6284506359985883
27	0	0.5580784025802954
28	0	0.7918720360858201
29	0	0.7055910946326872
30	0	0.7510694424175072
31	0	0.5358650139187858
32	0	0.6372224171111737
33	0	0.6468300011274448
34	0	0.7467042987418026
35	0	0.7457048918654801
36	0	0.701024409831271
37	0	0.7990172617603101
38	0	0.6737547099864695
39	0	0.6607849457789168
40	0	0.5344281442460661
41	0	0.7966450041570822
42	0	0.6748951956507899
43	0	0.8084944368128856
44	0	0.7611014483338062
45	0	0.7156728930623972
46	0	0.5958934454439436
47	0	0.6743569622915369
48	0	0.726043962284305
49	0	0.6362253813069183
50	0	0.7366817771137723
51	0	0.6789793672865322
52	0	0.7996906462273933
53	0	0.6133504635386615
54	0	0.7246118347557197
55	0	0.6896171821159993
56	0	0.5833801126093258
57	0	0.6170102132743758
58	0	0.7460475117791897
59	0	0.7401233882193047
60	0	0.6948868897853385
61	0	0.8057238391023691
62	0	0.6394500393183026
63	0	0.7021068042299452
64	0	0.6898317641380803
65	0	0.6316041618479566
66	0	0.740778989645884
67	0	0.6014026313920695
68	0	0.641944407132991
69	0	0.754045137861836
70	0	0.7577712776154318
71	0	0.6283629063321021
72	0	0.3909462747079047
73	0	0.7084091137845476
74	0	0.8411737375789908
75	0	0.5912627416967132
76	0	0.6728216931280285
77	0	0.7927173232777748
78	0	0.6674701834723711
79	0	0.7619621474941977
80	0	0.5910161502017248
81	0	0.6909651365861992
82	0	0.6578460019516295
83	0	0.36706365131109026
84	0	0.6198448299307067
85	0	0.6548039164894192
86	0	0.6671678717838038
87	0	0.16942175361407694
88	0	0.6728216931280285
89	0	0.5858329866628382
90	0	0.7418554563643902
91	0	0.8706769873110893
92	0	0.77145473451521
93	0	0.5735781006835445
94	0	0.6087304296157334
95	0	0.5589165765560486
96	0	0.7529105798776836
97	0	0.6602324859872606
98	0	0.6624672214105911
99	0	0.5999942145841561
100	0	0.6688726726001165
101	0	0.42419581830617015
102	0	0.7062040167620569
103	0	0.6332295317500184
104	0	0.597754737016691
105	0	0.6892188420087106
106	0	0.7331287256210817
107	0	0.6505845937458469
108	0	0.4901365180308769
109	0	0.7645122355024652
110	0	0.6617310035337273
111	0	0.7401862216290854
112	0	0.5335022406038267
113	0	0.7077250594931621
114	0	0.6040772006838646
115	0	0.5824044164536752
116	0	0.6852295132556562
117	0	0.7390445504287313
118	0	0.6469284006182333
119	0	0.6070920188173021
120	0	0.6673113216438691
121	0	0.597754737016691
122	0	0.6387375321621108
123	0	0.7747706788011812
124	0	0.6182301298529473
125	0	0.7447315667818969
126	0	0.7143107121597942
127	0	0.6139610145959641
128	0	0.6993006404384208
129	0	0.789930128062788
130	0	0.7108228651489514
131	0	0.7115484132015127
132	0	0.6559088360727318
133	0	0.6728216931280285
134	0	0.6469284006182333
135	0	0.6908110169018317
136	0	0.6701649068767375
137	0	0.6008952219696899
138	0	0.7047920433460426
139	0	0.6315567404066128
140	0	0.6480214648412099
141	0	0.6962644826563784
142	0	0.5784518393176623
143	0	0.7349639354010901
144	0	0.708010773677259
145	0	0.8627611632147612
146	0	0.49416496947303995
147	0	0.6731548287534693
148	0	0.6792698236147634
149	0	0.6576978099474298
150	0	0.5352105980282402
151	0	0.5833042383031755
152	0	0.5935377853451861
153	0	0.7525240951307308
154	0	0.7576290132914002
155	0	0.6139764265644008
156	0	0.6242977032728975
157	0	0.6650730296124376
158	0	0.6362597618518927
159	0	0.6309426327412095
160	0	0.6839953702446816
161	0	0.6756017751268139
162	0	0.7903592921069501
163	0	0.5985063668619917
164	0	0.7147339485237884
165	0	0.6237274604407373
166	0	0.7012247654209489
167	0	0.748845376818479
168	0	0.6162028632354962
169	0	0.7903592921069501
170	0	0.61496160700832
171	0	0.6906758657940015
172	0	0.714602354024059
173	0	0.7218542779415729
174	0	0.7214132585370746
175	0	0.7013729574251485
176	0	0.479100363094121
177	0	0.6179527144210857
178	0	0.5960060713671352
179	0	0.5571762096587282
180	0	0.6601080047037329
181	0	0.6977487737704421
182	0	0.608493322409014
183	0	0.625120465280214
184	0	0.6193303072921256
185	0	0.5167292768004943
186	0	0.6311939663803321
187	0	0.7883142424489951
188	0	0.6631785430307494
189	0	0.6623866049603065
190	0	0.6865110777079747
191	0	0.6841625308254188
192	0	0.7064079289598356
193	0	0.7326438413833405
194	0	0.5222005255955452
195	0	0.7784766644422059
196	0	0.8289970969779146
197	0	0.8626319397870992
198	0	0.8291085373650727
199	0	0.6602170740188238
200	0	0.23251123917798253
201	0	0.6721613495573149
202	0	0.5598460368063888
203	0	0.623699007575931
204	0	0.586348694837453
205	0	0.0
206	0	0.758750530379183
207	0	0.6671263780226279
208	0	0.6456290531254109
209	0	0.7074191911964939
210	0	0.7212188306275648
211	0	0.6602170740188238
212	0	0.7510575870571713
213	0	0.42419581830617015
214	0	0.8891049594173233
215	0	0.7069354924947864
216	0	0.6716812074637081
217	0	0.7050659021698037
218	0	0.680436391071823
219	0	0.3738852256484082
220	0	0.8824754419174481
221	0	0.7516183456010627
222	0	0.42419581830617015
223	0	0.6045691981378074
224	0	0.6017713330985183
225	0	0.74332196443795
226	0	0.7883142424489951
227	0	0.6905501989744403
228	0	0.5976065450124914
229	0	0.5301803686376876
230	0	0.6955543465722538
231	0	0.503929044245746
232	0	0.697960984720456
233	0	0.597754737016691
234	0	0.6675401300983533
235	0	0.7365241008213038
236	0	0.7265608559949536
237	0	0.6737084740811592
238	0	0.6322787318510735
239	0	0.7238376797257807
240	0	0.6906379286409264
241	0	0.5899610231318235
242	0	0.7803782642400958
243	0	0.6810801371380663
244	0	0.647979971080034
245	0	0.6943213890973128
246	0	0.7234464528346938
247	0	0.6931334819916485
248	0	0.6879598027410305
249	0	0.701762998780202
250	0	0.7388655344876581
251	0	0.7013373913441406
252	0	0.7869022690329809
253	0	0.6235294759231266
254	0	0.6803711865899752
255	0	0.730790848562828
256	0	0.6528857191870591
257	0	0.657785539613916
258	0	0.7412484619151885
259	0	0.7238483495500831
260	0	0.7097428418223444
261	0	0.7625205349660219
262	0	0.6795721353033306
263	0	0.7565478044287596
264	0	0.7401968914533877
265	0	0.6279989467697878
266	0	0.5957428823676768
267	0	0.8065762395105254
268	0	0.4700760628063796
269	0	0.619476128224258
270	0	0.5941661194429925
271	0	0.6171643329587435
272	0	0.6706912848756545
273	0	0.6370682974268059
274	0	0.40685261167067754
275	0	0.7389176980731365
276	0	0.6348952098772224
277	0	0.7820913638086436
278	0	0.7447315667818969
279	0	0.7131536289910034
280	0	0.7121150994255723
281	0	0.6900297486556911
282	0	0.6541340886304369
283	0	0.6566106734046213
284	0	0.5359491869771712
285	0	0.6665158269653254
286	0	0.7955175593891313
287	0	0.6007458444294567
288	0	0.5910434175304976
289	0	0.6210860861578829
290	0	0.5977891175616654
291	0	0.7171441432800914
292	0	0.6515460634690942
293	0	0.7903592921069501
294	0	0.6970054426773767
295	0	0.7546651732074072
296	0	0.5737666009128864
297	0	0.7410409931093089
298	0	0.5751596057523631
299	0	0.8251097243237495
300	0	0.7311880031340832
301	0	0.771790241212718
302	0	0.6161755959067235
303	0	0.7724375438870621
304	0	0.597754737016691
305	0	0.6973362072307503
306	0	0.6854132713408638
307	0	0.7072982665210671
308	0	0.6420072405427716
309	0	0.6847707108106542
310	0	0.6200641540969221
311	0	0.6263629070434237
312	0	0.7904351664131003
313	0	0.8639229885276865
314	0	0.6804091237430502
315	0	0.7094381590617098
316	0	0.7147481749561915
317	0	0.6431133456621179
318	0	0.6097333931001566
319	0	0.42980221820905107
320	0	0.6545834067871702
321	0	0.658347483693841
322	0	0.5635235695826072
323	0	0.6548774197235021
324	0	0.681260338615173
325	0	0.5003167159513755
326	0	0.5628786379803303
327	0	0.7537084456282943
328	0	0.8626319397870992
329	0	0.6817262542763768
330	0	0.5958934454439436
331	0	0.6598614132087447
332	0	0.5949509442972338
333	0	0.7400202465843818
334	0	0.5958934454439436
335	0	0.671422760608384
336	0	0.7321755546500696
337	0	0.7095258887281961
338	0	0.7428916148577541
339	0	0.7471097520652927
340	0	0.6913765175898574
341	0	0.6466995921637491
342	0	0.7394203653513817
343	0	0.626164922525813
344	0	0.7903592921069501
345	0	0.6962514417600089
346	0	0.687246110048805
347	0	0.7959502800413942
348	0	0.6532164837404326
349	0	0.7266082774362973
350	0	0.7572140756796413
351	0	0.6181305448261252
352	0	0.7094476433499787
353	0	0.4900310053238867
354	0	0.7086225102705951
355	0	0.6711038514153462
356	0	0.6700048595122017
357	0	0.5952615547380363
358	0	0.6309983529347886
359	0	0.5891287768362383
360	0	0.6375069457592368
361	0	0.7423237430976611
362	0	0.6328774275480401
363	0	0.7782798654606288
364	0	0.6257867365310955
365	0	0.7482715773782179
366	0	0.7044636498647363
367	0	0.6813966752590367
368	0	0.7648904214971828
369	0	0.6646438655682755
370	0	0.6301637355671362
371	0	0.7025774620352833
372	0	0.614729241945735
373	0	0.6901601576193868
374	0	0.6759609925449938
375	0	0.5388905018765258
376	0	0.7070564171702133
377	0	0.7238483495500831
378	0	0.540284692252036
379	0	0.86807355018131
380	0	0.5952354729452972
381	0	0.6795899183438346
382	0	0.6419467782050581
383	0	0.6234275198242372
384	0	0.6840048545329505
385	0	0.6279183303195032
386	0	0.6520700703959442
387	0	0.6487671670063425
388	0	0.7410409931093089
389	0	0.6603771213833594
390	0	0.7307754365943914
391	0	0.6780190830993185
392	0	0.5337832126437893
393	0	0.6744814435750645
394	0	0.5517926905301634
395	0	0.7084506075457235
396	0	0.6850611671388854
397	0	0.7265478150985838
398	0	0.5292497228513138
399	0	0.8213859556422209
400	0	0.8057238391023691
401	0	0.7150611564690612
402	0	0.6592378212550726
403	0	0.8891310412100624
404	0	0.6902621137182762
405	0	0.5446320528872367
406	0	0.6788110211697613
407	0	0.6957298059052262
408	0	0.6187671776761668
409	0	0.5576729492568053
410	0	0.8060059966783653
411	0	0.6312449444297769
412	0	0.5106261372995363
413	0	0.6865893230861921
414	0	0.742482604926163
415	0	0.7269876489670484
416	0	0.7210516700468275
417	0	1.0
418	0	0.7300190646049564
419	0	0.6608525213328318
420	0	0.7685489856968635
421	0	0.6233931392792629
422	0	0.6771358587542886
423	0	0.7162526201828263
424	0	0.6372224171111737
425	0	0.6896171821159993
426	0	0.6818258393031988
427	0	0.6742052136792365
428	0	0.6788406595706012
429	0	0.5751109987749856
430	0	0.6944055621556982
431	0	0.756302398469805
432	0	0.7437878800991535
433	0	0.6104850229454573
434	0	0.8214819840609423
435	0	0.7300190646049564
436	0	0.8626319397870992
437	0	0.7377357186476401
438	0	0.5245253617574291
439	0	0.6884020076815622
440	0	0.6672093655449797
441	0	0.7561862159385124
442	0	0.6478056972830952
443	0	0.6447991779018929
444	0	0.7477428283072336
445	0	0.6780190830993185
446	0	0.8039040412907974
447	0	0.5834761410280471
448	0	0.6910054448113415
449	0	0.6257760667067931
450	0	0.6373492694667685
451	0	0.6486438712588484
452	0	0.7379514862057548
453	0	0.7680380196663831
454	0	0.7447315667818969
455	0	0.7402253443181941
456	0	0.4629794441092671
457	0	0.6743130974582937
458	0	0.5395579586634409
459	0	0.553094409095053
460	0	0.688093768312827
461	0	0.6837108415966183
462	0	0.7324885361629391
463	0	0.6317606526043915
464	0	0.5958578793629357
465	0	0.6147067167610967
466	0	0.5989710969871617
467	0	0.6903071640875528
468	0	0.7238483495500831
469	0	0.6287138249980468
470	0	0.747326705159441
471	0	0.5711833178956782
472	0	0.6737499678423351
473	0	0.7174428983605579
474	0	0.6953456922303407
475	0	0.47483954658937294
476	0	0.5949675418017042
477	0	0.6792318864616884
478	0	0.7685726964175353
479	0	0.7642703861516114
480	0	0.6808892658366572
481	0	0.7265478150985838
482	0	0.7652460823072619
483	0	0.5985561593754027
484	0	0.6971939429067185
485	0	0.6849758085444665
486	0	0.6749615856686715
487	0	0.7278258229428016
488	0	0.5643024667566805
489	0	0.5797523723465184
490	0	0.7883142424489951
491	0	0.6281175003731475
492	0	0.5961234394344614
493	0	0.5963166818079377
494	0	0.5837701539643791
495	0	0.40685261167067754
496	0	0.5032129804814534
497	0	0.7927173232777748
498	0	0.7568062512840837
499	0	0.590321426086037
500	0	0.7009046706918777
501	0	0.6555187947176783
502	0	0.6794500250918702
503	0	0.6185703786945898
504	0	0.6222680655833792
505	0	0.7399882371114747
506	0	0.7209331164434678
507	0	0.7761909509694307
508	0	0.6619064628666997
509	0	0.6921162920748221
510	0	0.56239731035069
511	0	0.6886154041676098
512	0	0.69976181395549
513	0	0.6780831020451328
514	0	0.6154441201739941
515	0	0.6953871859915166
516	0	0.6150398523865375
517	0	0.46163148963906714
518	0	0.5082443954080397
519	0	0.6691702421445493
520	0	0.7779514719793224
521	0	0.7366960035461754
522	0	0.5519266561019599
523	0	0.44995870185226966
524	0	0.7394203653513817
525	0	0.5994429403285334
526	0	0.5635366104789767
527	0	0.6495045704192399
528	0	0.8454096578270334
529	0	0.6875247110167003
530	0	0.5317120811930951
531	0	0.8384493757737846
532	0	0.7498412270867005
533	0	0.7722514147297873
534	0	0.6389355166797214
535	0	0.670801539726779
536	0	0.7098127884483266
537	0	0.7722514147297873
538	0	0.7722514147297873
539	0	0.7722514147297873
540	0	0.7722514147297873
541	0	0.6955721296127577
542	0	0.7722514147297873
543	0	0.6633374048592514
544	0	0.6005526020559804
545	0	0.6842917542530809
546	0	0.7520261699966201
547	0	0.5953812938774297
548	0	0.6369331463189759
